       1      -1      -1      -1      15     240     1.0     1.5
       2      -1      -1       0      15     240     1.5     3.2
       3      -1      -1       1      15     240     2.0     3.8
       4      -1       0      -1      15     255     1.0     2.2
       5      -1       1      -1      15     270     1.0     8.9
       6      -1       1       1      15     270     2.0    13.6
       7       0      -1      -1      30     240     1.0     1.5
       8       0      -1       1      30     240     2.0    12.3
       9       0       0       0      30     255     1.5    11.4
      10       0       0       0      30     255     1.5    13.6
      11       0       0       0      30     255     1.5    12.7
      12       0       0       1      30     255     2.0    18.5
      13       0       1       0      30     270     1.5    60.9
      14       1      -1      -1      45     240     1.0     4.4
      15       1      -1       0      45     240     1.5    16.5
      16       1      -1       1      45     240     2.0    24.5
      17       1       0       0      45     255     1.5    62.8
      18       1       1      -1      45     270     1.0    96.4
      19       1       1       1      45     270     2.0   102.0
