1	0.75	287.5	225	50	78.2	-1	1	-1	-1
2	1.00	225.0	350	65	83.4	0	0	0	2
3	1.25	162.5	225	50	61.0	1	-1	-1	-1
4	1.00	225.0	350	55	88.3	0	0	0	0
5	1.25	287.5	225	60	86.0	1	1	-1	1
6	1.00	350.0	350	55	98.6	0	2	0	0
7	1.25	287.5	225	50	75.5	1	1	-1	-1
8	0.75	162.5	225	60	49.5	-1	-1	-1	1
9	1.25	162.5	225	60	60.0	1	-1	-1	1
10	1.25	287.5	475	60	93.0	1	1	1	1
11	1.00	225.0	350	55	88.2	0	0	0	0
12	1.00	225.0	350	45	71.8	0	0	0	-2
13	0.75	287.5	225	60	90.2	-1	1	-1	1
14	0.75	162.5	475	60	53.2	-1	-1	1	1
15	0.50	225.0	350	55	58.9	-2	0	0	0
16	1.00	225.0	350	55	88.4	0	0	0	0
17	1.50	225.0	350	55	67.2	2	0	0	0
18	0.75	287.5	475	60	97.2	-1	1	1	1
19	0.75	287.5	475	50	81.1	-1	1	1	-1
20	1.25	162.5	475	60	64.4	1	-1	1	1
21	1.25	162.5	475	50	65.9	1	-1	1	-1
22	1.00	225.0	600	55	76.8	0	0	2	0
23	1.00	225.0	350	55	88.2	0	0	0	0
24	0.75	162.5	225	50	51.2	-1	-1	-1	-1
25	0.75	162.5	475	50	54.0	-1	-1	1	-1
26	1.00	225.0	100	55	68.0	0	0	-2	0
27	1.00	225.0	350	55	88.4	0	0	0	0
28	1.00	100.0	350	55	40.0	0	-2	0	0
29	1.00	225.0	350	55	88.2	0	0	0	0
30	1.25	287.5	475	50	82.2	1	1	1	-1
