       1      -1      -1      -1      -1     200       3       3      20   25.90   83.05
       2      -1      -1      -1       1     200       3       3      40   25.30   85.72
       3      -1      -1       1      -1     200       3       7      20   27.75   85.61
       4      -1      -1       1       1     200       3       7      40   26.83   87.30
       5      -1       1      -1      -1     200       7       3      20   23.89   79.04
       6      -1       1      -1       1     200       7       3      40   23.92   82.90
       7      -1       1       1      -1     200       7       7      20   24.11   80.10
       8      -1       1       1       1     200       7       7      40   23.54   80.77
       9       1      -1      -1      -1     250       3       3      20   18.57   68.30
      10       1      -1      -1       1     250       3       3      40   17.89   67.35
      11       1      -1       1      -1     250       3       7      20   23.07   78.71
      12       1      -1       1       1     250       3       7      40   22.49   76.18
      13       1       1      -1      -1     250       7       3      20   22.03   75.93
      14       1       1      -1       1     250       7       3      40   23.70   80.60
      15       1       1       1      -1     250       7       7      20   25.29   86.25
      16       1       1       1       1     250       7       7      40   24.97   85.97
      17      -2       0       0       0     175       5       5      30   29.48   93.04
      18       2       0       0       0     275       5       5      30   23.70   78.80
      19       0      -2       0       0     225       1       5      30   21.05   72.63
      20       0       2       0       0     225       9       5      30   24.61   81.23
      21       0       0      -2       0     225       5       1      30   19.13   70.95
      22       0       0       2       0     225       5       9      30   23.78   81.79
      23       0       0       0      -2     225       5       5      10   23.80   79.40
      24       0       0       0       2     225       5       5      50   22.03   79.28
      25       0       0       0       0     225       5       5      30   22.62   76.41
      26       0       0       0       0     225       5       5      30   22.62   76.41
      27       0       0       0       0     225       5       5      30   22.62   76.41
      28       0       0       0       0     225       5       5      30   22.62   76.41
      29       0       0       0       0     225       5       5      30   22.62   76.41
      30       0       0       0       0     225       5       5      30   22.62   76.41
