      -1      -1      -1      -1       1   38.04
       1      -1      -1      -1      -1   40.89
      -1       1      -1      -1      -1   44.73
       1       1      -1      -1       1   40.40
      -1      -1       1      -1      -1   47.43
       1      -1       1      -1       1   39.60
      -1       1       1      -1       1   49.33
       1       1       1      -1      -1   52.72
      -1      -1      -1       1      -1   41.85
       1      -1      -1       1       1   37.48
      -1       1      -1       1       1   51.10
       1       1      -1       1      -1   44.46
      -1      -1       1       1       1   44.28
       1      -1       1       1      -1   43.54
      -1       1       1       1      -1   48.89
       1       1       1       1       1   52.59
      -2       0       0       0       0   49.92
       2       0       0       0       0   48.00
       0      -2       0       0       0   43.73
       0       2       0       0       0   54.56
       0       0      -2       0       0   39.62
       0       0       2       0       0   42.24
       0       0       0      -2       0   28.85
       0       0       0       2       0   32.80
       0       0       0       0      -2   42.81
       0       0       0       0       2   51.23
       0       0       0       0       0   35.64
       0       0       0       0       0   33.50
       0       0       0       0       0   38.80
       0       0       0       0       0   34.10
       0       0       0       0       0   34.50
       0       0       0       0       0   39.80
