       1      50    0.75     7.0      10      -1      -1      -1      -1    68.0
       2      70    0.75     7.0      10       1      -1      -1      -1    81.7
       3      50    2.25     7.0      10      -1       1      -1      -1    68.9
       4      70    2.25     7.0      10       1       1      -1      -1    83.5
       5      50    0.75     8.0      10      -1      -1       1      -1    73.8
       6      70    0.75     8.0      10       1      -1       1      -1    82.2
       7      50    2.25     8.0      10      -1       1       1      -1    76.4
       8      70    2.25     8.0      10       1       1       1      -1    84.2
       9      50    0.75     7.0      20      -1      -1      -1       1    76.0
      10      70    0.75     7.0      20       1      -1      -1       1    86.2
      11      50    2.25     7.0      20      -1       1      -1       1    77.1
      12      70    2.25     7.0      20       1       1      -1       1    86.6
      13      50    0.75     8.0      20      -1      -1       1       1    78.8
      14      70    0.75     8.0      20       1      -1       1       1    87.3
      15      50    2.25     8.0      20      -1       1       1       1    78.8
      16      70    2.25     8.0      20       1       1       1       1    87.3
      17      40    1.50     7.5      15      -2       0       0       0    68.2
      18      80    1.50     7.5      15       2       0       0       0    87.1
      19      60    0.00     7.5      15       0      -2       0       0    79.0
      20      60    3.00     7.5      15       0       2       0       0    81.7
      21      60    1.50     6.5      15       0       0      -2       0    77.6
      22      60    1.50     8.5      15       0       0       2       0    81.8
      23      60    1.50     7.5       5       0       0       0      -2    71.9
      24      60    1.50     7.5      25       0       0       0       2    83.2
      25      60    1.50     7.5      15       0       0       0       0    81.1
      26      60    1.50     7.5      15       0       0       0       0    81.5
      27      60    1.50     7.5      15       0       0       0       0    81.8
      28      60    1.50     7.5      15       0       0       0       0    81.3
      29      60    1.50     7.5      15       0       0       0       0    81.7
      30      60    1.50     7.5      15       0       0       0       0    81.7
