    10.4    50.8    57.0    55.9
    13.6    45.7    47.0    52.9
    15.0    62.4    49.0    50.4
    13.6    44.9    64.0    52.7
    13.6    59.3    65.0    55.5
    19.5    53.8    40.0    43.1
    18.8    52.0    58.0    57.6
    18.8    53.4    56.0    62.6
    18.5    54.1    59.0    54.1
    18.5    52.9    56.0    62.1
    18.5    52.8    55.0    52.9
    19.5    51.7    66.0    46.8
    18.5    40.5    55.0    34.6
    18.5    64.3    55.0    54.2
    23.4    46.2    50.0    51.3
    25.0    63.7    46.0    51.2
    24.5    44.6    65.0    42.9
    24.5    62.2    60.0    54.2
    28.5    52.8    56.0    60.1
