    11.5    50.0    54.0    41.6
    13.8    46.6    51.0    49.2
    13.6    61.9    48.0    51.0
    13.6    44.8    63.0    43.3
    13.6    59.2    62.0    58.0
    18.5    41.9    53.0    41.6
    19.5    53.4    52.0    48.0
    18.5    54.2    57.0    53.2
    18.5    54.1    56.0    48.9
    18.5    51.9    53.0    51.0
    18.5    63.1    53.0    55.0
    20.0    50.7    43.0    42.5
    20.0    52.7    67.0    56.6
    25.0    41.2    46.0    53.8
    23.4    58.9    46.0    48.4
    24.5    46.2    65.0    52.1
    25.0    61.4    60.5    52.9
    26.7    55.2    58.0    62.8
