       1      -1      -1      -1       1    9.44
      -1       1       1       1       1   54.58
      -1       1      -1       1       1   25.71
       1      -1       1       1       1   15.80
      -1      -1       1       1       1   17.62
       1       1       1      -1       1   65.84
      -1       1       1      -1       1   81.24
      -1       1      -1      -1       1   24.54
       1       1       1       1       1   33.89
       1      -1       1      -1       1   17.50
      -1      -1       1      -1       1   20.40
      -1      -1      -1       1       1   19.30
       1      -1      -1       1       1   18.53
      -1      -1      -1      -1       1   16.17
       1       1      -1      -1       1   15.73
       1       1      -1       1       1   23.97
       1      -1      -1      -1       2    8.75
      -1       1       1       1       2   55.77
      -1       1      -1       1       2   26.91
       1      -1       1       1       2   16.11
      -1      -1       1       1       2   14.28
       1       1       1      -1       2   64.78
      -1       1       1      -1       2   78.81
      -1       1      -1      -1       2   26.89
       1       1       1       1       2   36.32
       1      -1       1      -1       2   18.07
      -1      -1       1      -1       2   19.76
      -1      -1      -1       1       2   19.89
       1      -1      -1       1       2   17.70
      -1      -1      -1      -1       2   17.72
       1       1      -1      -1       2   15.36
       1       1      -1       1       2   23.03
       1      -1      -1      -1       3   10.01
      -1       1       1       1       3   56.20
      -1       1      -1       1       3   27.00
       1      -1       1       1       3   16.58
      -1      -1       1       1       3   18.08
       1       1       1      -1       3   66.60
      -1       1       1      -1       3   81.58
      -1       1      -1      -1       3   29.42
       1       1       1       1       3   36.76
       1      -1       1      -1       3   19.11
      -1      -1       1      -1       3   20.61
      -1      -1      -1       1       3   19.89
       1      -1      -1       1       3   18.01
      -1      -1      -1      -1       3   19.42
       1       1      -1      -1       3   15.45
       1       1      -1       1       3   23.29
