       1     140    0.12     0.5    0.13
       2     420    0.12     0.5    0.22
       3     280    0.18     0.5    0.19
       4     140    0.24     0.5    0.16
       5     420    0.24     0.5    0.25
       6     280    0.12     1.0    0.20
       7     140    0.18     1.0    0.16
       8     280    0.18     1.0    0.23
       9     280    0.18     1.0    0.21
      10     420    0.18     1.0    0.27
      11     280    0.24     1.0    0.25
      12     140    0.12     1.5    0.18
      13     420    0.12     1.5    0.28
      14     280    0.18     1.5    0.25
      15     140    0.24     1.5    0.20
      16     420    0.24     1.5    0.32
