      15     158     300       1     6.2    1.57    4.00   22.47     270
      15     159     350       1     6.3    1.62    4.07   21.60     230
      15     166     400       1     6.2    1.71    4.13   26.00     180
      15     166     450       1     6.4    1.73    4.36   24.86     173
      17     159     300       1     7.8    1.47    4.16   16.43     223
      17     158     350       1     7.8    1.57    4.36   16.45     230
      17     164     400       1     7.8    1.69    4.82   20.75     178
      17     166     450       1     7.8    1.64    4.54   23.75     217
      19     157     300       1     8.9    1.34    4.86   17.05     321
      19     158     350       1     9.6    1.28    5.05   16.32     284
      19     159     400       1     9.6    1.32    5.07   15.31     301
      19     160     450       1     9.9    1.38    5.13   13.89     319
      15     152     300       0     6.3    1.58    4.18   24.92     184
      15     154     350       0     5.9    1.66    4.24   22.88     174
      15     155     400       0     6.0    1.73    4.34   23.25     163
      15     155     450       0     6.2    1.79    4.37   24.16     176
      17     154     300       0     7.5    1.57    4.48   22.93     175
      17     154     350       0     7.7    1.60    4.76   19.13     163
      17     155     400       0     7.8    1.61    4.93   18.37     189
      17     154     450       0     7.3    1.67    4.92   17.09     179
      19     155     300       0     8.8    1.40    4.94   15.53     196
      19     153     350       0     9.2    1.40    5.02   15.85     203
      19     154     400       0     9.3    1.44    5.12   14.99     228
      19     153     450       0     8.8    1.46    5.19   14.08     271
