       1       0       1       0      13   97.37
       1       0       1       0      16   97.03
       1       0       1       0      18   96.01
       2       0       1       1       9   98.69
       2       0       1       1       8   98.71
       2       0       1       1      11   98.48
       3       1       1       0      14   59.05
       3       1       1       0      15   59.53
       3       1       1       0      17   57.89
       4       1       1       1      10   71.41
       4       1       1       1      12   68.33
       4       1       1       1       7   68.47
       5       0       0       0      19   99.61
       5       0       0       0      21   99.60
       5       0       0       0      22   99.48
       6       0       0       1       1   99.84
       6       0       0       1       4   99.86
       6       0       0       1       5   99.84
       7       1       0       0      20   73.12
       7       1       0       0      23   70.00
       7       1       0       0      24   69.93
       8       1       0       1       6   85.94
       8       1       0       1       2   85.48
       8       1       0       1       3   84.45
