      10     0.5      60      60      68       4     -12      20     -19      16
      30     0.5      60      60      68       3     -19      23     -21      19
      10       1      60      60      71       6       6      26     -22      20
      30       1      60      60      70       5      17      26     -23      18
      10     0.5      90      60      68       6       8      25     -24      22
      30     0.5      90      60      69       4      -3      22     -20      18
      10       1      90      60      71       4      13      24     -21      15
      30       1      90      60      70       3       9      24     -21      16
      10     0.5      60     120      70       4       6      23     -19      14
      30     0.5      60     120      70       6       0      26     -22      20
      10       1      60     120      68       5       2      25     -19      15
      30       1      60     120      66       5      -5      21     -19      16
      10     0.5      90     120      71       6       3      25     -23      13
      30     0.5      90     120      70       3       4      22     -20      16
      10       1      90     120      72       5      12      21     -22      15
      30       1      90     120      70       5       7      23     -19      13
      20    0.75      75      90      68       5      -2      24     -23      15
      20    0.75      75      90      70       3       1      24     -22      18
      20    0.75      75      90      67       6      -9      24     -22      15
