       1      -1      -1      -1  5.7703  1.4738  8.1539
       2      -1      -1      -1  5.8524  1.4122  8.2838
       3      -1      -1       0  3.9717  2.1142  4.0304
       4      -1      -1       0  4.3148  2.1203  4.3943
       5      -1      -1       1  4.2778  2.1904  3.3504
       6      -1      -1       1  4.1061  2.2131  3.3482
       7      -1       0      -1  5.7507  1.6091  6.1794
       8      -1       0      -1  5.7335  1.3344  7.1310
       9      -1       0       0  4.3177  2.1007  4.1117
      10      -1       0       0  3.9038  2.1750  4.0648
      11      -1       0       1  4.1026  2.3917  3.1391
      12      -1       0       1  3.5466  2.3801  3.0552
      13      -1       1      -1  5.7746  1.4122  7.8127
      14      -1       1      -1  5.5567  1.5291  6.4957
      15      -1       1       0  4.3922  1.9838  4.3369
      16      -1       1       0  4.0999  2.2752  4.1035
      17      -1       1       1  3.8897  2.3744  3.1091
      18      -1       1       1  3.9348  2.6320  3.0110
      19       0      -1      -1  5.5161  1.3703  5.5002
      20       0      -1      -1  5.5017  1.3972  5.5149
      21       0      -1       0  4.7033  1.9221  4.4753
      22       0      -1       0  4.4758  1.7661  4.6596
      23       0      -1       1  4.3828  1.9613  3.5835
      24       0      -1       1  4.3903  2.0388  3.3489
      25       0       0      -1  5.5281  1.4311  5.4348
      26       0       0      -1  5.1895  1.3723  6.4893
      27       0       0       0  4.1373  2.2370  3.8853
      28       0       0       0  4.3630  1.8062  4.2768
      29       0       0       1  4.1047  2.0916  3.6705
      30       0       0       1  4.1379  1.9025  3.5833
      31       0       1      -1  5.4128  1.4115  6.0086
      32       0       1      -1  5.6437  1.4921  6.7677
      33       0       1       0  4.4288  1.8651  4.3097
      34       0       1       0  4.4351  1.7448  4.7639
      35       0       1       1  4.0977  2.0388  3.3827
      36       0       1       1  4.4692  2.0956  3.5312
      37       1      -1      -1  5.2507  1.3533  6.0754
      38       1      -1      -1  5.6487  1.3926  6.4488
      39       1      -1       0  4.4847  1.8802  4.4477
      40       1      -1       0  4.2335  2.0221  4.3423
      41       1      -1       1  4.3801  2.1719  3.2843
      42       1      -1       1  4.6789  1.8428  3.5996
      43       1       0      -1  5.6930  1.5102  7.5819
      44       1       0      -1  5.5499  1.3756  5.6833
      45       1       0       0  4.6605  1.9043  4.4821
      46       1       0       0  4.8172  1.6499  4.6711
      47       1       0       1  4.3583  1.9819  3.3425
      48       1       0       1  4.3718  2.0545  3.4786
      49       1       1      -1  5.8231  1.5683  6.7922
      50       1       1      -1  5.2701  1.5676  5.5085
      51       1       1       0  4.5329  1.9025  4.5568
      52       1       1       0  4.6349  1.6679  4.7026
      53       1       1       1  4.1035  2.1957  3.2789
      54       1       1       1  4.5153  1.8820  3.8337
