       1  103.63    0.16   0.533      70    2.24
       2  173.74    0.16   0.533      29    1.93
       3  103.63    0.36   0.533      60    6.58
       4  173.74    0.36   0.533      28    4.93
       5  103.63    0.16   1.016      64    2.67
       6  173.74    0.16   1.016      32    2.08
       7  103.63    0.36   1.016      44    6.86
       8  173.74    0.36   1.016      24    6.35
       9  134.11    0.23   0.737      35    3.12
      10  134.11    0.23   0.737      31    3.45
      11  134.11    0.23   0.737      38    3.30
      12  134.11    0.23   0.737      35    3.07
      13   92.96    0.23   0.737      52    4.04
      14  193.55    0.23   0.737      23    2.92
      15  134.11    0.12   0.737      40    1.96
      16  134.11    0.44   0.737      28    8.23
      17  134.11    0.23   0.343      46    2.90
      18  134.11    0.23   1.156      33    5.46
      19   92.96    0.23   0.737      46    3.53
      20  193.55    0.23   0.737      27    2.82
      21  134.11    0.12   0.737      37    1.55
      22  134.11    0.44   0.737      34    8.64
      23  134.11    0.23   0.343      41    3.25
      24  134.11    0.23   1.156      28    5.89
