       1     –1      –1        0      24      12      80     559
       2     –1        1       0      24      20      80     949
       3       1     –1        0      48      12      80    1600
       4       1       1       0      48      20      80    1774
       5       0     –1      –1       36      12      70    1264
       6       0     –1        1      36      12      90    1246
       7       0       1     –1       36      20      70    1548
       8       0       1       1      36      20      90    1864
       9     –1        0     –1       24      16      70     851
      10       1       0     –1       48      16      70    1774
      11     –1        0       1      24      16      90     945
      12       1       0       1      48      16      90    2029
      13       0       0       0      36      16      80    2103
      14       0       0       0      36      16      80    2066
      15       0       0       0      36      16      80    2059
