       1       0       0  -1.682     4.8     3.5    0.84       1      24     3.8    1.59
       2       0       0       0     9.6     7.3    0.27       1      24     3.8      10
       3       0       0       0    10.2     7.2    0.27       1      24     3.8      10
       4       0       0   1.682     8.5     5.1    0.55       1      24     3.8   18.41
       5       0  -1.682       0     7.3     3.2    0.68       1      24  3.1272      10
       6       1       1      -1     4.8     1.2    1.24       1      30     4.2       5
       7      -1      -1       1     7.9     4.4    0.65       1      18     3.4      15
       8       1      -1      -1     6.7     4.3    0.65       1      30     3.4       5
       9       0       0       0     9.8     6.9    0.47       1      24     3.8      10
      10       0       0       0    10.2     7.2    0.32       1      24     3.8      10
      11       0       0       0     9.8     5.8    0.51       1      24     3.8      10
      12       0       0       0    10.2     7.5    0.28       1      24     3.8      10
      13      -1       1       1     8.2     5.1    0.49       1      18     4.2      15
      14      -1      -1      -1     7.1     3.9     0.6       1      18     3.4       5
      15  -1.682       0       0     8.2     4.8    0.46       1  13.908     3.8      10
      16      -1       1      -1     5.6     3.3    0.68       1      18     4.2       5
      17       1       1       1     7.5     4.5    0.58       1      30     4.2      15
      18       0   1.682       0     6.7     3.8    0.75       1      24  4.4728      10
      19       1      -1       1     5.5     3.8    0.45       1      30     3.4      15
      20   1.682       0       0     6.5       4    0.79       1  34.092     3.8      10
