       0       0       7      -1      -1      -1    14.6
      20       0       7       1      -1      -1    24.3
       0       2       7      -1       1      -1    16.1
      20       2       7       1       1      -1    18.8
       0       0      28      -1      -1       1    22.1
      20       0      28       1      -1       1    48.3
       0       2      28      -1       1       1    36.1
      20       2      28       1       1       1    68.1
       5       1    17.5    -0.5       0       0    34.3
      15       1    17.5     0.5       0       0    63.5
      10     0.5    17.5       0    -0.5       0    39.7
      10     1.5    17.5       0     0.5       0    55.0
      10       1   12.25       0       0    -0.5    44.5
      10       1   22.75       0       0     0.5    64.9
      10       1    17.5       0       0       0    56.4
      10       1    17.5       0       0       0    51.3
      10       1    17.5       0       0       0    55.7
      10       1    17.5       0       0       0    47.3
      10       1    17.5       0       0       0    54.1
      10       1    17.5       0       0       0    54.2
