      30       1      23      30     364    0.99    11.9    0.50     9.0    1.00    0.81
      30       1      23      80     200    0.68    13.4    0.50     8.6    0.94    0.68
      30       1      34      30     319    0.92    13.6    0.53     8.8    1.00    0.79
      30       1      34      80     203    0.68    14.7    0.65     8.3    0.84    0.72
      30       5      23      30     250    0.79    12.9    0.44     8.5    0.90    0.68
      30       5      23      80     199    0.67    14.2    0.60     8.2    0.81    0.69
      30       5      34      30     296    0.88    15.5    0.73     8.1    0.77    0.79
      30       5      34      80     219    0.72    16.9    0.85     8.0    0.74    0.77
      70       1      23      30     269    0.83    14.2    0.60     8.1    0.77    0.73
      70       1      23      80     152    0.54    15.9    0.77     7.5    0.58    0.62
      70       1      34      30     338    0.95    17.5    0.89     7.9    0.71    0.84
      70       1      34      80     205    0.68    18.6    0.95     7.0    0.42    0.64
      70       5      23      30     223    0.73    18.5    0.94     7.0    0.42    0.66
      70       5      23      80     161    0.56    19.5    0.99     6.2    0.16    0.44
      70       5      34      30     220    0.72    21.4    1.00     6.5    0.25    0.57
      70       5      34      80      56    0.20    22.4    1.00     6.0    0.09    0.26
