       1      20     0.5      10       1       0       0     186    1329   0.406   250.1   1.048
       1      13     0.5      14       1       0       0     420    1336   0.287     230    1.02
       1      13     0.3      10       1       0       0     168    1036   0.251    91.8   1.025
       1    16.5     0.4      12       1       0       0     281    1238   0.304   178.8   1.032
       1      20     0.3      14       1       0       0     385    1260   0.248   272.9   1.029
       1    16.5     0.4      12       1       0       0     290    1233   0.302   181.5    1.04
       2      13     0.5      10       0       1       0     185    1175   0.315   223.8    1.03
       2      20     0.5      14       0       1       0     362    1572   0.295   436.4   1.036
       2      20     0.3      10       0       1       0     184    1325   0.301   240.8   1.049
       2      13     0.3      14       0       1       0     311    1264   0.295   176.7    1.02
       2    16.5     0.4      12       0       1       0     267    1340    0.31   221.1   1.034
       2    16.5     0.4      12       0       1       0     277    1350   0.321     219   1.035
       3    16.5     0.4      12       0       0       1     253    1339   0.304     205   1.036
       3    16.5     0.4      12       0       0       1     259    1337   0.324   223.8   1.032
       3    16.5    0.24      12       0       0       1     252    1218    0.27   163.2   1.038
       3   10.78     0.4      12       0       0       1     215    1203   0.289   205.5   1.019
       3    16.5     0.4   15.27       0       0       1     417    1411   0.285     270   1.027
       3    16.5     0.4    8.73       0       0       1     117    1176   0.319   168.9   1.041
       3   22.22     0.4      12       0       0       1     262    1465   0.266   366.2   1.052
       3    16.5    0.56      12       0       0       1     312    1466   0.335   325.1   1.033
