       2     172   0.174     3.4   0.382
       2     241   0.174     3.4   0.402
       2     310   0.174     3.4   0.453
       2     379   0.174     3.4   0.457
       4     172   0.174     3.4   0.788
       4     241   0.174     3.4   0.852
       4     310   0.174     3.4   0.893
       4     379   0.174     3.4   0.891
       6     172   0.174     3.4   0.901
       6     241   0.174     3.4   1.047
       6     310   0.174     3.4   1.161
       6     379   0.174     3.4   1.216
       2     172   0.202     3.4   0.323
       2     241   0.202     3.4   0.352
       2     310   0.202     3.4   0.402
       2     379   0.202     3.4   0.420
       4     172   0.202     3.4   0.546
       4     241   0.202     3.4   0.705
       4     310   0.202     3.4   0.773
       4     379   0.202     3.4   0.826
       6     172   0.202     3.4   0.784
       6     241   0.202     3.4   0.985
       6     310   0.202     3.4   1.068
       6     379   0.202     3.4   1.165
       2     172   0.235     3.4   0.217
       2     241   0.235     3.4   0.239
       2     310   0.235     3.4   0.308
       2     379   0.235     3.4   0.309
       4     172   0.235     3.4   0.289
       4     241   0.235     3.4   0.529
       4     310   0.235     3.4   0.699
       4     379   0.235     3.4   0.716
       6     172   0.235     3.4   0.504
       6     241   0.235     3.4   0.820
       6     310   0.235     3.4   0.938
       6     379   0.235     3.4   0.999
       8     172   0.235     3.4   0.658
       8     241   0.235     3.4   0.965
       8     310   0.235     3.4   1.123
       8     379   0.235     3.4   1.245
      10     172   0.235     3.4   0.765
      10     241   0.235     3.4   1.069
      10     310   0.235     3.4   1.220
      10     379   0.235     3.4   1.307
       2     172   0.247     3.4   0.179
       2     241   0.247     3.4   0.232
       2     310   0.247     3.4   0.255
       2     379   0.247     3.4   0.262
       4     172   0.247     3.4   0.251
       4     241   0.247     3.4   0.545
       4     310   0.247     3.4   0.688
       4     379   0.247     3.4   0.697
       6     172   0.247     3.4   0.581
       6     241   0.247     3.4   0.861
       6     310   0.247     3.4   0.963
       6     379   0.247     3.4   1.037
       8     172   0.247     3.4   0.758
       8     241   0.247     3.4   1.021
       8     310   0.247     3.4   1.176
       8     379   0.247     3.4   1.303
      10     172   0.247     3.4   0.856
      10     241   0.247     3.4   1.091
      10     310   0.247     3.4   1.267
      10     379   0.247     3.4   1.326
       2     172   0.174     4.0   0.310
       2     241   0.174     4.0   0.372
       2     310   0.174     4.0   0.392
       2     379   0.174     4.0   0.437
       4     172   0.174     4.0   0.798
       4     241   0.174     4.0   0.842
       4     310   0.174     4.0   0.859
       4     379   0.174     4.0   0.882
       6     172   0.174     4.0   0.902
       6     241   0.174     4.0   1.024
       6     310   0.174     4.0   1.173
       6     379   0.174     4.0   1.213
       2     172   0.202     4.0   0.259
       2     241   0.202     4.0   0.287
       2     310   0.202     4.0   0.329
       2     379   0.202     4.0   0.335
       4     172   0.202     4.0   0.551
       4     241   0.202     4.0   0.639
       4     310   0.202     4.0   0.712
       4     379   0.202     4.0   0.780
       6     172   0.202     4.0   0.708
       6     241   0.202     4.0   0.964
       6     310   0.202     4.0   1.032
       6     379   0.202     4.0   1.106
       2     172   0.235     4.0   0.215
       2     241   0.235     4.0   0.241
       2     310   0.235     4.0   0.277
       2     379   0.235     4.0   0.290
       4     172   0.235     4.0   0.280
       4     241   0.235     4.0   0.639
       4     310   0.235     4.0   0.658
       4     379   0.235     4.0   0.710
       6     172   0.235     4.0   0.544
       6     241   0.235     4.0   0.794
       6     310   0.235     4.0   0.812
       6     379   0.235     4.0   0.945
       8     172   0.235     4.0   0.634
       8     241   0.235     4.0   0.956
       8     310   0.235     4.0   1.083
       8     379   0.235     4.0   1.166
      10     172   0.235     4.0   0.742
      10     241   0.235     4.0   1.019
      10     310   0.235     4.0   1.144
      10     379   0.235     4.0   1.289
       2     172   0.247     4.0   0.189
       2     241   0.247     4.0   0.236
       2     310   0.247     4.0   0.256
       2     379   0.247     4.0   0.261
       4     172   0.247     4.0   0.259
       4     241   0.247     4.0   0.603
       4     310   0.247     4.0   0.649
       4     379   0.247     4.0   0.720
       6     172   0.247     4.0   0.568
       6     241   0.247     4.0   0.804
       6     310   0.247     4.0   0.935
       6     379   0.247     4.0   1.030
       8     172   0.247     4.0   0.642
       8     241   0.247     4.0   0.945
       8     310   0.247     4.0   1.120
       8     379   0.247     4.0   1.210
      10     172   0.247     4.0   0.767
      10     241   0.247     4.0   1.008
      10     310   0.247     4.0   1.201
      10     379   0.247     4.0   1.287
       2     172   0.174     4.5   0.293
       2     241   0.174     4.5   0.365
       2     310   0.174     4.5   0.393
       2     379   0.174     4.5   0.425
       4     172   0.174     4.5   0.779
       4     241   0.174     4.5   0.828
       4     310   0.174     4.5   0.861
       4     379   0.174     4.5   0.871
       6     172   0.174     4.5   0.871
       6     241   0.174     4.5   0.941
       6     310   0.174     4.5   1.176
       6     379   0.174     4.5   1.182
       2     172   0.202     4.5   0.248
       2     241   0.202     4.5   0.297
       2     310   0.202     4.5   0.364
       2     379   0.202     4.5   0.387
       4     172   0.202     4.5   0.507
       4     241   0.202     4.5   0.599
       4     310   0.202     4.5   0.685
       4     379   0.202     4.5   0.737
       6     172   0.202     4.5   0.738
       6     241   0.202     4.5   0.926
       6     310   0.202     4.5   1.046
       6     379   0.202     4.5   1.125
       2     172   0.235     4.5   0.165
       2     241   0.235     4.5   0.196
       2     310   0.235     4.5   0.229
       2     379   0.235     4.5   0.236
       4     172   0.235     4.5   0.239
       4     241   0.235     4.5   0.494
       4     310   0.235     4.5   0.592
       4     379   0.235     4.5   0.617
       6     172   0.235     4.5   0.450
       6     241   0.235     4.5   0.599
       6     310   0.235     4.5   0.876
       6     379   0.235     4.5   0.933
       8     172   0.235     4.5   0.592
       8     241   0.235     4.5   0.810
       8     310   0.235     4.5   1.054
       8     379   0.235     4.5   1.184
      10     172   0.235     4.5   0.689
      10     241   0.235     4.5   0.926
      10     310   0.235     4.5   1.140
      10     379   0.235     4.5   1.285
       2     172   0.247     4.5   0.152
       2     241   0.247     4.5   0.197
       2     310   0.247     4.5   0.210
       2     379   0.247     4.5   0.236
       4     172   0.247     4.5   0.220
       4     241   0.247     4.5   0.479
       4     310   0.247     4.5   0.630
       4     379   0.247     4.5   0.632
       6     172   0.247     4.5   0.477
       6     241   0.247     4.5   0.633
       6     310   0.247     4.5   0.882
       6     379   0.247     4.5   0.972
       8     172   0.247     4.5   0.623
       8     241   0.247     4.5   0.839
       8     310   0.247     4.5   1.126
       8     379   0.247     4.5   1.220
      10     172   0.247     4.5   0.731
      10     241   0.247     4.5   0.960
      10     310   0.247     4.5   1.185
      10     379   0.247     4.5   1.302
