      -1      -1       0      20     5.0      25     7.2    8.89    3.59    3.37    2.24    2.70
      -1       0      -1      20     5.5      20    10.3    8.85    3.51    3.44    2.87    3.18
      -1       0       1      20     5.5      30     6.6    9.07    3.88    3.48    2.68    3.05
      -1       1       0      20     6.0      25     6.9    8.57    3.52    3.33    2.03    2.61
       0      -1      -1      24     5.0      20    14.8   10.53    3.51    3.30    3.21    3.29
       0      -1       1      24     5.0      30    10.5   10.45    3.77    3.32    2.95    3.10
       0       0       0      24     5.5      25    12.8   11.91    3.81    3.54    3.50    3.50
       0       0       0      24     5.5      25    12.6   11.04    3.85    3.61    3.65    3.60
       0       0       0      24     5.5      25    12.6   11.42    3.82    3.57    3.50    3.54
       0       1      -1      24     6.0      20    14.2    9.62    3.62    3.43    2.68    2.88
       0       1       1      24     6.0      30     9.7   10.60    3.81    3.21    2.43    2.81
       1      -1       0      28     5.0      25    17.5   10.28    3.59    3.52    3.48    3.49
       1       0      -1      28     5.5      20    19.3    9.56    3.81    3.70    3.47    3.59
       1       0       1      28     5.5      30    15.3   10.60    3.66    3.41    3.03    3.10
       1       1       0      28     6.0      25    14.0   10.01    3.59    3.48    2.93    3.22
