       0       0       0       0      17
       0       0       0       0      23
       0       0       0       0      16
       1       0       0       0     5.5
       1       0       0       0       4
       1       0       0       0     4.5
       0       1       0       0     3.5
       0       1       0       0       4
       0       1       0       0       4
       1       1       0       0     3.5
       1       1       0       0       4
       1       1       0       0       4
       0       0       1       0      19
       0       0       1       0      16
       0       0       1       0      17
       1       0       1       0      11
       1       0       1       0       7
       1       0       1       0     7.5
       0       1       1       0      10
       0       1       1       0      15
       0       1       1       0      10
       1       1       1       0       9
       1       1       1       0      12
       1       1       1       0      11
       0       0       0       1     8.5
       0       0       0       1     8.5
       0       0       0       1       7
       1       0       0       1       7
       1       0       0       1     6.5
       1       0       0       1       6
       0       1       0       1     9.5
       0       1       0       1     7.5
       0       1       0       1       8
       1       1       0       1      10
       1       1       0       1      10
       1       1       0       1      10
       0       0       1       1      10
       0       0       1       1      13
       0       0       1       1      17
       1       0       1       1     5.5
       1       0       1       1     5.5
       1       0       1       1     6.5
       0       1       1       1       9
       0       1       1       1       8
       0       1       1       1      11
       1       1       1       1       7
       1       1       1       1     6.5
       1       1       1       1       6
