     125    0.08    0.15    0.37    0.21    1.87  67.482  100.27 188.044
     125    0.08    0.30    0.37    0.22    1.97  89.632  123.55 261.661
     125    0.08    0.45    0.35    0.25    2.10 109.329  152.19 358.036
     125    0.12    0.15    0.63    0.41    2.67  69.911  110.91 214.279
     125    0.12    0.30    0.64    0.39    2.60  77.187  136.58 278.862
     125    0.12    0.45    0.66    0.39    3.10 134.603  186.69 380.334
     125    0.16    0.15    0.77    0.46    3.20  99.544  155.32 231.476
     125    0.16    0.30    0.75    0.45    3.20 123.980  173.03 329.230
     125    0.16    0.45    0.73    0.44    3.50 166.921  293.25 460.300
     176    0.08    0.15    0.24    0.14    1.07  39.169   51.58 168.886
     176    0.08    0.30    0.24    0.15    1.03  63.715   88.96 171.107
     176    0.08    0.45    0.25    0.15    1.17  96.352  146.31 290.750
     176    0.12    0.15    0.41    0.25    1.80  35.774   45.34 126.717
     176    0.12    0.30    0.44    0.26    1.90  71.874   89.36 178.059
     176    0.12    0.45    0.43    0.26    1.90 101.562  141.35 299.208
     176    0.16    0.15    0.55    0.33    2.27  61.735   92.61 178.490
     176    0.16    0.30    0.55    0.33    2.33 116.550  199.15 247.344
     176    0.16    0.45    0.56    0.34    2.37 157.407  297.19 395.635
     246    0.08    0.15    0.19    0.11    0.73  24.758   40.58 156.580
     246    0.08    0.30    0.20    0.12    0.77  56.971   81.67 188.770
     246    0.08    0.45    0.21    0.13    0.83 116.420  170.76 253.306
     246    0.12    0.15    0.36    0.21    1.27  30.530   41.63 109.884
     246    0.12    0.30    0.38    0.23    1.33  63.850   90.27 180.426
     246    0.12    0.45    0.39    0.23    1.40 123.383  185.28 276.606
     246    0.16    0.15    0.45    0.27    1.70  52.888   78.43 141.169
     246    0.16    0.30    0.47    0.28    1.77  93.359  142.73 200.682
     246    0.16    0.45    0.46    0.28    1.80 161.966  280.04 406.366
