       1       0       0       0       0       0    27.0    37.5   2.413 257.943  89.667  16.667   0.217  10.347   7.413   2.887
       2      -1      -1       1       1       1    22.1    28.7   2.317 213.617  84.333  81.667   0.189  15.472   6.341   5.774
       3       0 -1.4142       0       0       2    27.0    25.0   2.415 234.545  85.500  53.333   0.226  15.682   6.352  10.408
       4       0       0       0       0       0    27.0    37.5   2.532 274.616  89.500  16.667   0.203  20.331   8.023   2.887
       5      -1       1      -1       1       1    22.1    46.3   2.027 234.917  80.667  68.333   0.172  16.743   5.301   7.638
       6       0       0       0       0       0    27.0    37.5   2.629 251.922  90.333  16.667   0.196  21.390   6.716   5.774
       7       0  1.4142       0       0       2    27.0    50.0   2.205 245.723  87.667  40.000   0.188  16.293   7.519   8.660
       8       0       0       0       0       0    27.0    37.5   2.561 253.673  94.000   8.333   0.237  19.532   6.903   2.887
       9  1.4142       0       0       2       0    34.0    37.5   2.143 248.070  83.667  56.667   0.169  22.479   7.218   7.638
      10 -1.4142       0       0       2       0    20.0    37.5   1.790 186.803  74.000  81.667   0.132  15.201   6.830   2.887
      11       1       1       1       1       1    31.9    46.3   2.600 276.707  95.500  66.667   0.241  21.337   9.551   8.660
      12       0       0       0       0       0    27.0    37.5   2.651 278.024  92.667  15.000   0.205  26.179   6.316   5.774
      13       1      -1      -1       1       1    31.9    28.7   2.280 264.453  86.000  38.333   0.183  22.403   4.649   5.774
