       1       5      -1     400      -1     150       0   88.00
       2      15       1     400      -1     150       0   10.35
       3       5      -1     600       1     150       0   95.00
       4      15       1     600       1     150       0    5.43
       5       5      -1     500       0      50      -1   92.00
       6      15       1     500       0      50      -1   13.50
       7       5      -1     500       0     250       1   95.00
       8      15       1     500       0     250       1   19.50
       9      10       0     400      -1      50      -1   82.63
      10      10       0     600       1      50      -1   82.00
      11      10       0     400      -1     250       1   85.00
      12      10       0     600       1     250       1   84.00
      13      10       0     500       0     150       0   86.60
