       1       4       1       1       1   16.00
       2      11      -1       1       1   16.40
       3       9       1      -1       1   13.25
       4      15      -1      -1       1   16.64
       5       2       1       1      -1   13.17
       6      10      -1       1      -1   13.07
       7       3       1      -1      -1   13.77
       8       7      -1      -1      -1   14.94
       9      17   1.682       0       0   18.00
      10       1  -1.682       0       0   19.08
      11      16       0   1.682       0    6.94
      12      19       0  -1.682       0    5.97
      13      13       0       0   1.682   15.71
      14      20       0       0  -1.682   17.01
      15       5       0       0       0   16.88
      16      18       0       0       0   15.12
      17       6       0       0       0   14.53
      18      14       0       0       0   15.69
      19      12       0       0       0   14.27
      20       8       0       0       0   12.41
