       1      -1       1      -1       1   76.04
       2       1       1      -1      -1   88.48
       3       1      -1      -1       1   84.62
       4       0       0       0       0   99.48
       5       2       0       0       0   87.25
       6      -1       1       1      -1   91.99
       7       0       0       2       0   88.86
       8      -1      -1       1       1   91.03
       9       0       0       0       0   96.55
      10       0       0      -2       0   86.95
      11       1      -1       1      -1   92.39
      12       0       0       0       0    98.5
      13       0       2       0       0   83.31
      14       0       0       0       0   98.56
      15      -1       1       1       1   84.51
      16       1       1       1       1   88.75
      17      -1       1      -1      -1   90.82
      18      -1      -1       1      -1   92.02
      19       0       0       0       0   95.18
      20       1       1      -1       1   81.96
      21      -2       0       0       0   85.61
      22       0       0       0      -2   95.48
      23       1      -1      -1      -1   90.98
      24      -1      -1      -1      -1   88.94
      25       1      -1       1       1   85.53
      26      -1      -1      -1       1   85.92
      27       0       0       0       0   98.18
      28       0       0       0       2   89.96
      29       1       1       1      -1    91.7
      30       0      -2       0       0   82.36
